_______________________________________
(135.954, 12.001) 146.87894364962574
(131.953, 15.0) 135.55475400203264
(116.954, 13.001) 162.76285665982925
(64.0, 22.001) 164.9180321944453
(0.952, 16.001) 84.56378500633545
(0.952, 197.001) 101.57384638405914
(56.72, 208.422) 177.31640338443975
(117.952, 218.0) 172.70203320693233
(148.954, 227.0) 140.0210095726565
(241.954, 186.0) 134.31679278135468
(283.602, 202.736) 178.53311942211423
(316.687, 215.057) 150.1708717873932
(349.772, 254.844) 124.55380426931193
(402.954, 250.012) 178.01001827814093
(477.358, 240.637) 172.8185035350411
(554.882, 240.637) 87.95759295425277
(553.935, 267.192) 97.22606433843028
(600.261, 274.752) 175.3234678279315
(718.431, 284.243) 165.66691536953255
(790.283, 271.908) 168.2742571601143
(838.5, 252.947) 163.84215761418778
(875.366, 224.531) 152.64476921753393
(964.244, 208.428) 144.31517696424407
(1014.953, 156.001) 155.14025384121845
(1024.0, 130.001) 96.86065916346607
(1110.953, 149.0) 128.92199106597516
(1141.966, 124.107) 179.5409990748316
(1173.16, 99.477) 76.2306718136786
(1139.126, 72.947) 151.05207264106232
(1085.247, 64.424) 179.37590222479903
(993.953, 51.0) 171.63508954891452
(850.954, 51.0) 175.71248463248241
(810.952, 48.001) 163.44667659886233
(787.954, 53.001) 83.82512791337662
(788.954, 56.0) 125.17445376961935
(774.953, 75.001) 126.38486611013717
(769.953, 75.001) 141.3346012320102
(764.954, 71.001) 147.1791671093972
(637.954, 58.001) 122.82781980559963
(633.953, 63.0) 130.141167575084
(555.952, 65.0) 151.96998741354943
(549.953, 62.001) 166.61247847529305
(502.953, 51.0) 179.13409456853827
(498.954, 50.0) 172.71391541371284
(346.953, 32.0) 168.8457425094716
(320.952, 34.001) 170.69929787120685
(250.953, 28.0) 113.33492347600138
(247.953, 19.0) 92.04540848888723
(230.953, 24.0) 146.59026132811493
_______________________________________
(189.948, 9.0) 160.39336960840666
(136.948, 12.001) 177.53122476423718
(76.947, 18.0) 161.74174827194003
(67.947, 22.001) 151.764301841104
(0.947, 17.001) 85.73210669970919
(0.947, 203.0) 94.15256546526939
(75.627, 208.422) 170.08601959932582
(151.249, 227.37) 165.93345413405635
(189.065, 227.37) 167.300933359027
(243.937, 215.005) 158.48012146107732
(301.947, 224.007) 151.03110092631965
(331.947, 213.0) 101.03354821277205
(354.947, 251.005) 124.07287582982686
(453.948, 256.005) 172.9396007340495
(521.786, 251.06) 158.42693588542772
(567.164, 265.284) 107.40994628096301
(567.166, 284.253) 102.24701895181877
(610.654, 293.688) 167.75902203919856
(726.934, 293.688) 173.7372316757269
(812.962, 284.247) 168.79277463613897
(846.08, 273.824) 145.44545851420935
(873.468, 238.738) 140.14184381560915
(978.935, 216.0) 159.2828778786004
(1065.387, 160.107) 144.3866223965794
(1105.088, 162.0) 93.74138454080791
(1109.816, 120.317) 104.01338388475443
(1159.914, 113.684) 178.87300826930573
(1246.882, 100.424) 19.204730845645503
(1155.185, 83.37) 177.6486467936886
(1103.948, 76.001) 179.02236018916275
(1016.947, 65.0) 177.36729801355614
(941.947, 59.0) 175.4260787400984
(921.947, 59.0) 146.30552459777306
(915.948, 63.0) 177.537339714124
(889.947, 82.0) 124.91968473869373
(854.947, 70.001) 167.95963526204085
(796.948, 63.0) 144.89874427395927
(755.948, 85.001) 127.70549872127694
(708.947, 64.0) 114.07606038792497
(708.947, 58.001) 86.99006161463647
(689.948, 59.0) 177.87190624364095
(559.948, 61.001) 168.81341076039791
(460.947, 43.001) 161.78787581535698
(424.948, 48.001) 163.5278151132774
(258.947, 23.0) 111.95029215991858
(256.0, 28.0) 85.9494662329166
(242.937, 19.0) 55.43436876032005
(242.937, 23.0) 135.1723176143278
(240.948, 25.001) 115.32948950285665
_______________________________________
(189.948, 9.0) 160.39336960840666
(136.948, 12.001) 177.53122476423718
(76.947, 18.0) 161.74174827194003
(67.947, 22.001) 151.764301841104
(0.947, 17.001) 85.73210669970919
(0.947, 203.0) 94.15256546526939
(75.627, 208.422) 170.08601959932582
(151.249, 227.37) 165.93345413405635
(189.065, 227.37) 167.300933359027
(243.937, 215.005) 158.48012146107732
(301.947, 224.007) 151.03110092631965
(331.947, 213.0) 101.03354821277205
(354.947, 251.005) 124.07287582982686
(453.948, 256.005) 172.9396007340495
(521.786, 251.06) 158.42693588542772
(567.164, 265.284) 107.40994628096301
(567.166, 284.253) 102.24701895181877
(610.654, 293.688) 167.75902203919856
(726.934, 293.688) 173.7372316757269
(812.962, 284.247) 168.79277463613897
(846.08, 273.824) 145.44545851420935
(873.468, 238.738) 140.14184381560915
(978.935, 216.0) 159.2828778786004
(1065.387, 160.107) 144.3866223965794
(1105.088, 162.0) 93.74138454080791
(1109.816, 120.317) 104.01338388475443
(1159.914, 113.684) 178.87300826930573
(1246.882, 100.424) 19.204730845645503
(1155.185, 83.37) 177.6486467936886
(1103.948, 76.001) 179.02236018916275
(1016.947, 65.0) 177.36729801355614
(941.947, 59.0) 175.4260787400984
(921.947, 59.0) 146.30552459777306
(915.948, 63.0) 177.537339714124
(889.947, 82.0) 124.91968473869373
(854.947, 70.001) 167.95963526204085
(796.948, 63.0) 144.89874427395927
(755.948, 85.001) 127.70549872127694
(708.947, 64.0) 114.07606038792497
(708.947, 58.001) 86.99006161463647
(689.948, 59.0) 177.87190624364095
(559.948, 61.001) 168.81341076039791
(460.947, 43.001) 161.78787581535698
(424.948, 48.001) 163.5278151132774
(258.947, 23.0) 111.95029215991858
(256.0, 28.0) 85.9494662329166
(242.937, 19.0) 55.43436876032005
(242.937, 23.0) 135.1723176143278
(240.948, 25.001) 115.32948950285665
_______________________________________
(0.986, 12.001) 86.6620330555914
(0.986, 194.0) 103.24818415851001
(85.986, 214.012) 168.07471348198845
(128.986, 215.005) 162.688211608571
(188.124, 234.947) 168.9386120677507
(338.988, 255.005) 137.7562847088237
(352.0, 246.005) 149.41614504178395
(407.987, 242.005) 177.51568791428264
(550.988, 238.005) 69.93986666487571
(548.987, 244.0) 118.09707166092909
(605.02, 303.16) 132.32823003261834
(750.599, 300.322) 175.34099263123295
(853.644, 289.899) 150.14140532680432
(939.987, 228.005) 152.1946944852944
(951.987, 204.0) 163.68137372109987
(964.987, 190.0) 141.00833750561944
(1048.987, 178.001) 168.24372977872298
(1142.987, 144.0) 163.97662909087583
(1200.987, 102.001) 124.17342300709761
(1199.987, 69.0) 98.64687914460913
(1166.987, 65.0) 121.68441106526028
(1160.988, 52.001) 114.5421547608993
(912.987, 53.001) 161.79608036241413
(900.987, 57.001) 154.69429644746566
(817.988, 47.0) 175.85555626429402
(796.988, 46.0) 173.03664283113767
(715.987, 52.001) 172.40743373423535
(408.987, 34.001) 176.6685650653262
(263.988, 17.001) 172.51216383571526
_______________________________________
(0.986, 12.001) 86.6620330555914
(0.986, 194.0) 103.24818415851001
(85.986, 214.012) 168.07471348198845
(128.986, 215.005) 162.688211608571
(188.124, 234.947) 168.9386120677507
(338.988, 255.005) 137.7562847088237
(352.0, 246.005) 149.41614504178395
(407.987, 242.005) 177.51568791428264
(550.988, 238.005) 69.93986666487571
(548.987, 244.0) 118.09707166092909
(605.02, 303.16) 132.32823003261834
(750.599, 300.322) 175.34099263123295
(853.644, 289.899) 150.14140532680432
(939.987, 228.005) 152.1946944852944
(951.987, 204.0) 163.68137372109987
(964.987, 190.0) 141.00833750561944
(1048.987, 178.001) 168.24372977872298
(1142.987, 144.0) 163.97662909087583
(1200.987, 102.001) 124.17342300709761
(1199.987, 69.0) 98.64687914460913
(1166.987, 65.0) 121.68441106526028
(1160.988, 52.001) 114.5421547608993
(912.987, 53.001) 161.79608036241413
(900.987, 57.001) 154.69429644746566
(817.988, 47.0) 175.85555626429402
(796.988, 46.0) 173.03664283113767
(715.987, 52.001) 172.40743373423535
(408.987, 34.001) 176.6685650653262
(263.988, 17.001) 172.51216383571526
_______________________________________
(72.992, 29.0) 165.02518294555645
(32.993, 19.0) 151.92886099397262
(24.992, 21.0) 168.35386811928709
(0.993, 22.001) 92.3884266154606
(0.993, 203.001) 100.2341712475125
(72.992, 216.0) 174.22950947267265
(149.993, 222.011) 167.77381118262153
(209.992, 240.0) 151.10982166538298
(283.993, 224.0)